1
2
3
5
8
15
28
34
38
61
88
98
101
104
107
108
121
123
124
126
155
161
171
191
218
226
234
250
252
255
257
258
265
275
280
284
288
289
291
293
294
295
297
332
335
338
353
357
359
360
361
362
363
366
371
373
379
383
385
393
405
408
409
452
453
454
456
459
465
477
483
487
489
524
525
535
544
571
574
619
621
622
624
625
629
630
631
632
633
637
638
639
641
643
644
649
650
651
653
654
655
658
659
660
662
663
667
668
671
672
673
675
676
677
679
680
681
682
683
684
686
689
691
692
693
694
695
696
697
698
699
700
702
703
704
705
707
711
714
715
717
718
721
722
725
727
729
730
731
736
737
738
739
742
744
747
750
753
754
756
757
758
759
760
761
762
763
765
768
771
773
774
777
780
781
783
784
787
790
791
794
795
796
797
798
799
801
802
803
804
805
808
809
816
817
818
820
821
822
824
826
833
836
838
839
840
842
843
846
847
848
850
852
853
855
856
862
863
864
865
867
868
871
873
877
881
882
884
885
889
891
893
896
897
898
902
906
910
913
915
916
917
924
925
926
931
933
934
935
938
939
941
942
945
947
948
950
952
962
969
973
974
976
978
979
980
981
983
984
985
987
988
991
992
993
994
995
996
997
1001
1002
1009
1010
1015
1016
1018
1019
1025
1026
1030
1031
1032
1035
1038
1039
1040
1041
1042
1043
1044
1050
1054
1055
1056
1058
1060
1067
1068
1070
1071
1072
1074
1077
1078
1085
1090
1091
1092
1098
1100
1103
1104
1105
1107
1108
1109
1111
1119
1121
1122
1124
1125
1126
1127
1128
1132
1133
1134
1139
1140
1141
1145
1146
1148
1149
1153
1154
1155
1156
1158
1160
1162
1164
1165
1166
1174
1177
1179
1181
1182
1183
1187
1189
1190
1192
1194
1196
1200
1206
1208
1211
1212
1213
1214
1222
1227
1229
1231
1243
1244
1245
1248
1250
1252
1254
1255
1260
1261
1262
1263
1265
1268
1277
1281
1284
1285
1286
1288
1289
1293
1297
1309
1313
1314
1315
1316
1318
1320
1325
1329
1333
1334
1338
1342
1344
1345
1347
1350
1352
1354
1360
1363
1364
1365
1366
1368
1371
1377
1379
1381
1382
1383
1385
1386
1387
1389
1390
1391
1395
1396
1397
1398
1402
1404
1406
1410
1412
1420
1422
1423
1428
1432
1436
1438
1439
1444
1447
1448
1450
1457
1458
1462
1471
1478
1481
1484
1487
1489
1490
1495
1496
1498
1500
1501
1502
1503
1504
1511
1514
1517
1518
1520
1524
1526
1527
1533
1534
1536
1542
1543
1548
1551
1554
1556
1557
1558
1560
1562
1565
1567
1569
1574
1577
1580
1581
1583
1585
1594
1596
1597
1599
1602
1603
1605
1607
1608
1611
1612
1613
1623
1624
1625
1626
1627
1629
1632
1636
1650
1656
1659
1662
1663
1670
1671
1676
1678
1680
1681
1684
1687
1690
1694
1696
1698
1702
1705
1706
1712
1713
1714
1716
1717
1718
1722
1729
1730
1731
1735
1737
1738
1739
1745
1750
1751
1755
1760
1764
1768
1775
1791
1792
1794
1795
1798
1799
1800
1801
1802
1803
1805
1808
1810
1813
1814
1815
1819
1822
1825
1828
1829
1832
1839
1846
1849
1850
1851
1852
1857
1862
1866
1869
1872
1877
1878
1885
1888
1891
1892
1894
1896
1898
1900
1903
1910
1914
1918
1920
1923
1926
1927
1929
1931
1933
1941
1943
1946
1948
1952
1953
1954
1956
1958
1971
1978
1998
2003
2008
2009
2011
2014
2017
2019
2026
2029
2030
2032
2033
2038
2043
2044
2045
2048
2049
2051
2054
2058
2062
2063
2064
2070
2078
2080
2081
2092
2093
2094
2106
2107
2108
2113
2118
2119
2126
2127
2134
2135
2139
2143
2144
2149
2150
2156
2157
2159
2166
2171
2172
2174
2176
2180
2186
2189
2197
2201
2211
2212
2213
2214
2216
2217
2219
2224
2225
2227
2228
2229
2231
2237
2239
2245
2252
2255
2260
2262
2263
2266
2267
2268
2269
2270
2275
2277
2278
2279
2280
2281
2282
2285
2287
2289
2295
2298
2299
2302
2304
2307
2311
2312
2315
2317
2321
2322
2325
2328
2330
2331
2333
2337
2339
2346
2347
2348
2352
2358
2361
2363
2375
2377
2387
2389
2394
2403
2411
2427
2553
2565
2566
2568
2570
2581
2583
2587
2589
2593
2599
2602
2611
2612
2616
2618
2621
2626
2627
2629
2632
2642
2647
2653
2658
2665
2667
2673
2674
2676
2684
2686
2689
2698
2700
2708
2714
2715
2717
2720
2722
2723
2727
2734
2737
2742
2743
2744
2748
2751
2758
2768
2774
2775
2776
2779
2781
2783
2791
2793
2794
2795
2796
2799
2807
2808
2809
2811
2813
2815
2819
2825
2827
2832
2839
2841
2843
2847
2860
2865
2866
2868
2879
2884
2885
2886
2892
2894
2900
2901
2904
2907
2908
2909
2910
2918
2923
2927
2928
2932
2937
2939
2941
2944
2948
2952
2953
2960
2961
2963
2966
2968
2978
2982
2983
2984
2986
2988
2992
2994
2997
2999
3003
3008
3009
3010
3013
3014
3017
3020
3025
3036
3039
3041
3042
3043
3047
3049
3051
3055
3058
3065
3066
3068
3069
3071
3078
3085
3086
3094
3095
3099
3110
3116
3119
3122
3134
3135
3154
3156
3159
3161
3163
3165
3166
3169
3173
3176
3179
3181
3184
3185
3190
3192
3193
3199
3203
3207
3215
3219
3220
3221
3223
3240
3242
3243
3245
3248
3255
3262
3266
3267
3268
3271
3278
3280
3283
3284
3286
3288
3290
3294
3297
3299
3312
3313
3315
3320
3322
3339
3340
3343
3345
3357
3359
3362
3363
3366
3375
3376
3379
3389
3396
3399
3400
3408
3409
3415
3418
3421
3429
3435
3436
3437
3443
3444
3448
3455
3460
3465
3471
3472
3473
3475
3478
3480
3483
3484
3485
3493
3494
3498
3500
3504
3514
3528
3529
3536
3538
3540
3548
3549
3561
3568
3570
3573
3574
3575
3582
3588
3606
3610
3615
3622
3624
3626
3627
3651
3652
3685
3688
3691
3704
3718
3726
3732
3733
3736
3743
3748
3758
3761
3762
3765
3769
3771
3772
3780
3784
3791
3800
3806
3810
3812
3815
3816
3817
3822
3825
3828
3829
3835
3837
3838
3846
3859
3861
3862
3865
3872
3878
3881
3883
3884
3886
3890
3891
3894
3898
3903
3919
3922
3931
3936
3939
3944
3947
3959
3964
3975
3983
3986
3988
4018
4023
4030
4034
4035
4049
4051
4052
4055
4064
4066
4073
4078
4079
4096
4097
4098
4101
4106
4107
4108
4118
4121
4127
4130
4156
4157
4159
4161
4208
4246
4249
4255
4264
4265
4267
4269
4271
4279
4288
4300
4304
4307
4308
4312
4314
4332
4334
4335
4337
4339
4340
4344
4348
4349
4353
4362
4366
4375
4381
4382
4388
4390
4391
4392
4393
4396
4397
4401
4403
4405
4419
4424
4431
4432
4436
4437
4440
4443
4448
4486
4488
4504
4508
4512
4516
4523
4524
4526
4528
4530
4534
4538
4539
4540
4542
4546
4556
4563
4568
4574
4576
4579
4580
4589
4595
4606
4610
4611
4624
4625
4630
4632
4633
4634
4643
4652
4655
4657
4662
4665
4666
4671
4742
4747
4755
4756
4777
4780
4784
4786
4802
4805
4811
4815
4817
4818
4819
4824
4828
4834
4837
4838
4848
4854
4871
4873
4877
4885
4891
4894
4896
4897
4901
4923
4924
4930
4931
4932
4938
4947
4953
4957
4958
4961
4962
4965
4971
4972
4973
4976
4977
4981
4982
4995
4996
5001
5004
5015
5016
5023
5029
5030
5031
5032
5035
5041
5079
5081
5083
5087
5095
5099
5108
5110
5121
5125
5133
5140
5141
5142
5144
5147
5156
5158
5159
5165
5177
5182
5188
5189
5202
5203
5205
5218
5219
5222
5223
5225
5226
5231
5241
5259
5265
5272
5276
5283
5284
5293
5305
5328
5333
5334
5335
5337
5340
5343
5351
5352
5355
5360
5363
5366
5371
5382
5387
5389
5404
5405
5408
5412
5414
5433
5439
5445
5452
5453
5454
5460
5464
5465
5467
5469
5473
5479
5483
5485
5487
5490
5505
5507
5515
5517
5519
5520
5526
5529
5530
5531
5533
5544
5545
5551
5552
5553
5555
5604
5606
5609
5614
5621
5635
5662
5666
5669
5671
5673
5680
5683
5692
5700
5702
5704
5708
5711
5712
5717
5772
5780
5785
5787
5788
5789
5794
5795
5796
5807
5813
5815
5819
5828
5837
5839
5847
5901
5902
5909
5915
5920
5927
5928
5932
5933
5935
5936
5939
5940
5941
5942
5945
5946
5952
5955
5958
5968
5969
5974
5979
5980
5984
5985
5987
5996
6000
6002
6004
6012
6017
6030
6033
6046
6052
6056
6059
6079
6088
6100
6126
6156
6157
6197
6211
6217
6249
6255
6259
6268
6279
6290
6338
6339
6351
6357
6361
6386
6393
6396
6406
6411
6418
6427
6429
6434
6439
6442
6443
6447
6467
6472
6473
6475
6476
6477
6480
6514
6516
6518
6521
6522
6523
6524
6525
6526
6527
6528
6533
6543
6544
6545
6547
6548
6550
6551
6552
6554
6558
6559
6560
6561
6562
6563
6564
6565
6567
6568
6574
6576
6577
6578
6580
6582
6584
6585
6586
6587
6588
6589
6590
6591
6593
6599
6600
6601
6602
6603
6605
6606
6608
6613
6615
6616
6619
6635
6639
6650
6651
6669
6670
6682
6684
6690
6694
6713
6719
6723
6728
6762
6795
6834
6852
6916
6935
6957
6992
7002
7044
7054
7312
7475
7480
7624
7698
7707
7794
7829
7890
7904
7983
8005
8035
8046
8067
8128
275337
275450
275474
275480
275523
275719
275758
275785
275786
275893
275992
276092
276107
276117
276566
276738
276756
276877
277002
277092
277299
277478
277636
277790
277837
277895
277994
278102
278446
278451
279884
280492
281513
289975
